Iib20 = [0.85 1.10 1.63 2.26 2.71];
Iib30 = [0.82 0.70 1.04 1.38 1.76];

Iob = [0.60 1 1.5 2 2.5];

Pob = 40*Iob
Pib20 = 20*Iib20
Pib30 = 30*Iib30

Rend20 = Pib20./Pob
Rend30 = Pob./Pib30




