G2 =

    2.0306    2.0462    2.0567    2.0674    2.0833    2.0677


n2 =

   89.4846   89.8528   89.7258   88.4777   87.9939   83.2917
